0,459
57,7
57,6
52,15
52,14
52,13
52,12
52,11
52,10
52,9
52,8
0,458
0,457
184,5
184,4
184,3
184,2
184,1
184,0
183,5
183,4
183,3
183,2
183,1
183,0
182,3
182,2
182,1
182,0
2,34
181,5
181,4
181,3
181,2
181,1
181,0
180,5
180,4
180,3
180,2
180,1
180,0
179,3
179,2
0,456
0,455
179,1
179,0
178,5
178,4
178,3
178,2
178,1
178,0
0,454
177,8
177,7
177,6
177,5
177,4
177,3
177,2
177,1
177,0
176,4
176,3
176,2
176,1
176,0
2,33
175,5
175,4
175,3
175,2
175,1
175,0
2,32
174,5
174,4
174,3
174,2
174,1
174,0
2,31
173,4
173,3
173,2
173,1
173,0
172,3
172,2
172,1
172,0
171,8
171,7
171,6
171,5
171,4
171,3
171,2
171,1
171,0
170,3
170,2
170,1
170,0
169,4
169,3
169,2
169,1
169,0
2,30
168,6
168,5
168,4
168,3
168,2
168,1
168,0
167,3
167,2
167,1
167,0
166,4
166,3
166,2
166,1
166,0
165,4
165,3
165,2
165,1
165,0
164,8
164,7
164,6
164,5
164,4
164,3
164,2
164,1
164,0
163,5
163,4
163,3
163,2
163,1
163,0
162,5
162,4
162,3
162,2
162,1
162,0
161,4
161,3
161,2
161,1
161,0
2,29
160,3
160,2
160,1
160,0
2,28
159,6
159,5
159,4
159,3
159,2
159,1
159,0
158,7
158,6
158,5
158,4
158,3
158,2
158,1
158,0
157,5
157,4
157,3
157,2
157,1
157,0
156,4
156,3
156,2
156,1
156,0
155,7
155,6
155,5
155,4
155,3
155,2
155,1
155,0
154,3
154,2
154,1
154,0
153,3
153,2
153,1
153,0
152,3
152,2
152,1
152,0
151,5
151,4
151,3
151,2
151,1
151,0
150,12
150,11
150,7
150,10
150,9
150,8
150,6
150,5
150,4
150,3
150,2
150,1
150,0
149,4
149,3
149,2
149,1
149,0
0,453
148,5
148,4
148,3
148,2
148,1
148,0
2,27
147,5
147,4
147,3
147,2
147,1
147,0
146,4
146,3
146,2
146,1
146,0
145,4
145,3
145,2
145,1
145,0
0,452
0,451
144,4
144,3
144,2
144,1
144,0
143,4
143,3
143,2
143,1
143,0
142,3
142,2
142,1
142,0
141,9
141,8
141,7
141,6
141,5
141,4
141,3
141,2
141,1
141,0
140,5
140,4
140,3
140,2
140,1
140,0
139,4
139,3
139,2
139,1
139,0
138,4
138,3
138,2
138,1
138,0
137,5
137,4
137,3
137,2
137,1
137,0
2,26
136,5
136,4
136,3
136,2
136,1
136,0
135,4
135,3
135,2
135,1
135,0
134,4
134,3
134,2
134,1
134,0
2,25
133,5
133,4
133,3
133,2
133,1
133,0
132,6
132,5
132,4
132,3
132,2
132,1
132,0
131,4
131,3
131,2
131,1
131,0
2,24
130,4
130,3
130,2
130,1
130,0
129,5
129,4
129,3
129,2
129,1
129,0
128,5
128,4
128,3
128,2
128,1
128,0
127,5
127,4
127,3
127,2
127,1
127,0
126,3
126,2
126,1
126,0
125,5
125,4
125,3
125,2
125,1
125,0
124,4
124,3
124,2
124,1
124,0
123,14
123,13
123,12
123,11
123,10
123,9
123,8
123,7
123,6
123,5
123,4
123,3
123,2
123,1
123,0
122,5
122,4
122,3
122,2
122,1
122,0
121,13
121,12
121,11
121,10
121,9
121,8
121,7
121,6
121,5
121,4
121,3
121,2
121,1
121,0
2,23
0,450
0,449
120,6
120,5
120,4
120,3
120,2
120,1
120,0
119,5
119,4
119,3
119,2
119,1
119,0
118,5
118,4
118,3
118,2
118,1
118,0
117,5
117,4
117,3
117,2
117,1
117,0
116,43
116,42
116,31
116,41
116,22
116,40
116,27
116,39
0,448
116,38
116,37
116,25
116,36
116,23
116,35
116,26
116,34
116,18
116,33
116,30
116,32
116,29
116,28
116,11
116,21
116,19
116,24
116,16
116,20
116,17
116,15
116,6
116,5
116,14
116,13
116,10
116,12
116,7
116,9
116,8
116,4
116,3
116,2
116,1
116,0
115,6
115,5
115,4
115,3
115,2
115,1
115,0
114,3
114,2
114,1
114,0
113,5
113,4
113,3
113,2
113,1
113,0
112,5
112,4
112,3
112,2
112,1
112,0
111,7
111,6
111,5
111,4
111,3
111,2
111,1
111,0
110,5
110,4
110,3
110,2
110,1
110,0
2,22
109,6
109,5
109,4
109,3
109,2
109,1
109,0
2,21
108,5
108,4
108,3
108,2
108,1
108,0
107,13
107,12
107,11
107,10
2,20
107,9
107,8
107,7
107,6
107,5
107,4
107,3
107,2
107,1
107,0
106,5
106,4
106,3
106,2
106,1
106,0
105,4
105,3
105,2
105,1
105,0
104,5
104,4
104,3
104,2
104,1
104,0
103,5
103,4
103,3
103,2
103,1
103,0
102,4
102,3
102,2
102,1
102,0
101,5
101,4
101,3
101,2
101,1
101,0
2,19
100,5
100,4
100,3
100,2
100,1
100,0
99,4
99,3
99,2
99,1
99,0
98,6
98,5
98,4
98,3
98,2
98,1
98,0
97,5
97,4
97,3
97,2
97,1
97,0
96,18
96,17
96,16
96,15
96,14
96,13
96,12
96,11
96,10
96,9
96,8
96,7
96,6
96,5
96,4
96,3
96,2
96,1
96,0
95,6
95,5
95,4
95,3
95,2
95,1
95,0
2,18
94,5
94,4
94,3
94,2
94,1
94,0
93,7
93,6
93,5
93,4
93,3
93,2
93,1
93,0
92,5
92,4
92,3
92,2
92,1
92,0
91,3
91,2
91,1
91,0
90,5
90,4
90,3
90,2
90,1
90,0
89,4
89,3
89,2
89,1
89,0
88,5
88,4
88,3
88,2
88,1
88,0
87,7
87,6
87,5
87,4
87,3
87,2
87,1
87,0
86,9
86,8
86,7
86,6
86,5
86,4
86,3
86,2
86,1
86,0
85,4
85,3
85,2
85,1
85,0
84,5
84,4
84,3
84,2
84,1
84,0
83,4
83,3
83,2
83,1
83,0
2,17
82,8
82,7
82,6
82,5
82,4
82,3
82,2
82,1
82,0
81,3
81,2
81,1
81,0
2,16
80,6
80,5
80,4
80,3
80,2
80,1
80,0
79,5
79,4
79,3
79,2
79,1
79,0
78,5
78,4
78,3
78,2
78,1
78,0
77,6
77,5
77,4
77,3
77,2
77,1
77,0
76,3
76,2
76,1
76,0
75,4
75,3
75,2
75,1
75,0
74,3
74,2
74,1
74,0
73,5
73,4
73,3
73,2
73,1
73,0
72,5
72,4
72,3
72,2
72,1
72,0
71,5
71,4
71,3
71,2
71,1
71,0
70,4
70,3
70,2
70,1
70,0
69,3
69,2
69,1
69,0
68,5
68,4
68,3
68,2
68,1
68,0
67,3
67,2
67,1
67,0
66,6
66,5
66,4
66,3
66,2
66,1
66,0
65,4
65,3
65,2
65,1
65,0
64,68
64,50
64,49
64,67
64,66
64,65
64,64
64,41
64,48
64,47
64,46
64,45
64,44
64,43
64,42
64,37
64,40
64,39
64,38
64,33
64,36
64,35
64,34
64,32
64,27
64,31
64,30
64,29
64,28
64,24
64,26
64,25
64,22
64,23
64,18
64,21
64,20
64,19
64,14
64,17
64,16
64,15
64,10
64,13
64,12
64,11
64,8
64,9
64,7
64,4
64,6
64,5
2,15
64,3
64,2
64,1
64,0
63,4
63,3
63,2
63,1
63,0
62,6
62,5
62,4
62,3
62,2
62,1
62,0
61,5
61,4
61,3
61,2
61,1
61,0
60,3
60,2
60,1
60,0
59,8
59,7
59,6
59,5
59,4
59,3
59,2
59,1
59,0
58,5
58,4
58,3
58,2
58,1
58,0
57,5
57,4
57,3
57,2
57,1
57,0
56,3
56,2
56,1
56,0
2,14
55,5
55,4
55,3
55,2
55,1
55,0
0,447
54,4
54,3
54,2
54,1
54,0
53,4
53,3
53,2
0,446
53,1
53,0
0,445
52,7
52,6
52,5
52,4
52,3
52,2
52,1
52,0
51,6
51,5
51,4
51,3
51,2
51,1
51,0
2,13
0,444
50,5
50,4
50,3
50,2
50,1
50,0
49,5
49,4
49,3
49,2
49,1
49,0
48,4
48,3
48,2
48,1
48,0
0,443
47,14
47,13
47,12
47,11
47,10
47,9
47,8
47,7
47,6
47,5
47,4
47,3
47,2
0,442
47,1
47,0
46,4
46,3
46,2
46,1
46,0
2,12
45,6
45,5
45,4
45,3
45,2
0,441
45,1
45,0
44,5
44,4
44,3
44,2
44,1
44,0
43,5
43,4
43,3
43,2
43,1
43,0
0,440
2,11
42,11
42,10
42,9
42,8
42,7
42,6
42,5
42,4
42,3
42,2
0,439
0,438
0,437
42,1
42,0
2,10
0,436
41,5
41,4
41,3
41,2
41,1
41,0
40,6
40,5
40,4
40,3
40,2
0,435
40,1
40,0
2,9
39,6
39,5
39,4
39,3
39,2
39,1
39,0
38,5
38,4
38,3
38,2
38,1
38,0
0,434
37,6
37,5
37,4
37,3
37,2
0,433
37,1
37,0
0,432
36,3
36,2
36,1
36,0
35,3
35,2
35,1
35,0
34,4
34,3
34,2
34,1
34,0
0,431
33,5
33,4
33,3
33,2
33,1
33,0
32,4
32,3
32,2
0,430
32,1
32,0
31,5
31,4
31,3
31,2
31,1
31,0
2,8
30,5
30,4
30,3
30,2
30,1
30,0
0,429
29,4
29,3
29,2
29,1
29,0
0,428
28,3
28,2
0,427
28,1
28,0
2,7
0,426
0,425
27,5
27,4
27,3
27,2
0,424
27,1
27,0
0,423
0,422
0,421
0,420
0,419
0,418
0,417
26,8
26,7
26,6
26,5
26,4
26,3
26,2
0,416
0,415
26,1
26,0
0,414
2,6
0,413
0,412
25,5
25,4
25,3
25,2
0,411
25,1
25,0
0,410
0,409
0,408
0,407
0,406
24,4
24,3
24,2
0,405
24,1
24,0
0,404
0,403
23,5
23,4
23,3
23,2
0,402
23,1
23,0
0,401
0,400
0,399
22,6
22,5
22,4
22,3
22,2
0,398
22,1
22,0
0,397
0,396
21,3
21,2
0,395
21,1
21,0
0,394
0,393
0,392
0,391
0,390
20,3
20,2
0,389
20,1
20,0
0,388
0,387
0,386
0,385
0,384
19,4
19,3
19,2
0,383
19,1
19,0
0,382
0,381
18,5
18,4
18,3
18,2
0,380
18,1
18,0
0,379
0,378
0,377
0,376
0,375
17,5
17,4
17,3
17,2
0,374
17,1
17,0
16,12
16,11
16,10
16,9
16,8
16,7
16,6
0,373
0,372
0,371
2,5
2,4
0,370
0,369
16,5
16,4
16,3
16,2
0,368
16,1
16,0
0,367
0,366
0,365
0,364
0,363
15,6
15,5
15,4
15,3
15,2
0,362
15,1
15,0
0,361
0,360
0,359
14,4
14,3
14,2
0,358
14,1
14,0
0,357
0,356
0,355
13,5
13,4
13,3
13,2
0,354
13,1
13,0
0,353
0,352
0,351
0,350
0,349
12,10
12,9
12,8
12,7
12,6
12,5
12,4
12,3
12,2
0,348
12,1
12,0
11,89
11,88
11,87
11,130
11,60
11,34
11,129
11,58
0,347
11,128
11,31
11,86
11,85
11,63
11,84
11,83
11,82
11,62
11,81
11,80
11,61
11,44
11,79
11,54
0,346
11,78
11,59
11,50
11,77
11,76
11,35
11,75
11,74
11,73
11,72
11,71
11,70
11,57
11,19
11,69
11,68
11,56
11,43
11,55
11,14
11,67
0,345
11,39
11,66
11,65
11,64
11,53
11,52
11,51
11,15
11,49
11,48
11,47
0,344
11,46
11,45
11,27
11,42
11,41
11,40
11,38
11,37
11,36
0,343
11,33
11,32
11,23
11,30
11,29
11,28
11,26
11,25
0,342
11,24
11,17
11,22
11,21
11,20
11,18
11,12
11,16
0,341
11,5
11,13
11,11
11,4
11,10
11,9
11,8
11,7
11,6
0,340
0,339
0,338
11,3
11,2
0,337
11,1
11,0
0,336
0,335
10,5
10,4
10,3
10,2
0,334
10,1
10,0
0,333
0,332
0,331
0,330
0,329
9,5
9,4
9,3
9,2
0,328
9,1
9,0
0,327
0,326
8,3
8,2
0,325
8,1
8,0
0,324
0,323
0,322
0,321
7,4
7,3
7,2
0,320
7,1
7,0
6,9
6,8
6,7
0,319
0,318
0,317
6,6
6,5
6,4
6,3
6,2
6,1
6,0
5,5
5,4
5,3
5,2
5,1
5,0
4,3
4,2
4,1
4,0
3,6
3,5
3,4
3,3
3,2
3,1
3,0
2,2
1,2
1,3
1,1
2,1
2,3
1,0
0,243
2,0
0,9
0,310
0,305
0,308
0,304
0,303
0,302
0,307
0,12
0,10
0,8
0,0
0,300
0,299
0,298
0,297
0,296
0,295
0,294
0,293
0,292
0,291
0,290
0,289
0,288
0,287
0,286
0,285
0,284
0,283
0,282
0,281
0,280
0,279
0,278
0,277
0,276
0,275
0,274
0,273
0,272
0,271
0,270
0,269
0,268
0,267
0,266
0,265
0,264
0,263
0,262
0,261
0,260
0,259
0,258
0,257
0,256
0,255
0,254
0,253
0,252
0,251
0,250
0,249
0,248
0,247
0,246
0,245
0,244
0,242
0,241
0,240
0,239
0,238
0,237
0,236
0,235
0,234
0,233
0,232
0,231
0,230
0,229
0,228
0,227
0,226
0,225
0,224
0,223
0,222
0,221
0,220
0,219
0,218
0,217
0,216
0,215
0,214
0,213
0,212
0,211
0,210
0,209
0,208
0,207
0,206
0,205
0,204
0,203
0,202
0,201
0,200
0,199
0,198
0,197
0,196
0,195
0,194
0,193
0,192
0,63
0,62
0,61
0,60
0,59
0,58
0,57
0,56
0,55
0,54
0,53
0,316
0,52
0,315
0,51
0,314
0,50
0,313
0,49
0,312
0,48
0,311
0,47
0,309
0,46
0,306
0,45
0,301
0,6
0,5
0,1
0,11
0,4
0,2
0,3
0,7
